# x sin(systeme) approximation
0 0 0
0.00314159 0.00314159 0.00314159
0.00628319 0.00628314 0.00628314
0.00942478 0.00942464 0.00942464
0.0125664 0.012566 0.012566
0.015708 0.0157073 0.0157073
0.0188496 0.0188484 0.0188484
0.0219911 0.0219894 0.0219894
0.0251327 0.0251301 0.0251301
0.0282743 0.0282706 0.0282706
0.0314159 0.0314108 0.0314108
0.0345575 0.0345506 0.0345506
0.0376991 0.0376902 0.0376902
0.0408407 0.0408294 0.0408294
0.0439823 0.0439681 0.0439681
0.0471239 0.0471065 0.0471065
0.0502655 0.0502443 0.0502443
0.0534071 0.0533817 0.0533817
0.0565487 0.0565185 0.0565185
0.0596903 0.0596548 0.0596548
0.0628319 0.0627905 0.0627905
0.0659734 0.0659256 0.0659256
0.069115 0.06906 0.06906
0.0722566 0.0721938 0.0721938
0.0753982 0.0753268 0.0753268
0.0785398 0.0784591 0.0784591
0.0816814 0.0815906 0.0815906
0.084823 0.0847213 0.0847213
0.0879646 0.0878512 0.0878512
0.0911062 0.0909802 0.0909802
0.0942478 0.0941083 0.0941083
0.0973894 0.0972355 0.0972355
0.100531 0.100362 0.100362
0.103673 0.103487 0.103487
0.106814 0.106611 0.106611
0.109956 0.109734 0.109734
0.113097 0.112856 0.112856
0.116239 0.115977 0.115977
0.119381 0.119097 0.119097
0.122522 0.122216 0.122216
0.125664 0.125333 0.125333
0.128805 0.128449 0.128449
0.131947 0.131564 0.131564
0.135088 0.134678 0.134678
0.13823 0.13779 0.13779
0.141372 0.140901 0.140901
0.144513 0.144011 0.144011
0.147655 0.147119 0.147119
0.150796 0.150226 0.150226
0.153938 0.153331 0.153331
0.15708 0.156434 0.156434
0.160221 0.159537 0.159537
0.163363 0.162637 0.162637
0.166504 0.165736 0.165736
0.169646 0.168833 0.168833
0.172788 0.171929 0.171929
0.175929 0.175023 0.175023
0.179071 0.178115 0.178115
0.182212 0.181206 0.181206
0.185354 0.184294 0.184294
0.188496 0.187381 0.187381
0.191637 0.190466 0.190466
0.194779 0.193549 0.193549
0.19792 0.196631 0.196631
0.201062 0.19971 0.19971
0.204204 0.202787 0.202787
0.207345 0.205863 0.205863
0.210487 0.208936 0.208936
0.213628 0.212007 0.212007
0.21677 0.215076 0.215076
0.219911 0.218143 0.218143
0.223053 0.221208 0.221208
0.226195 0.224271 0.224271
0.229336 0.227331 0.227331
0.232478 0.230389 0.230389
0.235619 0.233445 0.233445
0.238761 0.236499 0.236499
0.241903 0.23955 0.23955
0.245044 0.242599 0.242599
0.248186 0.245646 0.245646
0.251327 0.24869 0.24869
0.254469 0.251732 0.251732
0.257611 0.254771 0.254771
0.260752 0.257807 0.257807
0.263894 0.260842 0.260842
0.267035 0.263873 0.263873
0.270177 0.266902 0.266902
0.273319 0.269928 0.269928
0.27646 0.272952 0.272952
0.279602 0.275973 0.275973
0.282743 0.278991 0.278991
0.285885 0.282007 0.282007
0.289027 0.285019 0.285019
0.292168 0.288029 0.288029
0.29531 0.291036 0.291036
0.298451 0.29404 0.29404
0.301593 0.297042 0.297042
0.304734 0.30004 0.30004
0.307876 0.303035 0.303035
0.311018 0.306028 0.306028
0.314159 0.309017 0.309017
0.317301 0.312003 0.312003
0.320442 0.314987 0.314987
0.323584 0.317967 0.317967
0.326726 0.320944 0.320944
0.329867 0.323917 0.323917
0.333009 0.326888 0.326888
0.33615 0.329855 0.329855
0.339292 0.33282 0.33282
0.342434 0.33578 0.33578
0.345575 0.338738 0.338738
0.348717 0.341692 0.341692
0.351858 0.344643 0.344643
0.355 0.34759 0.34759
0.358142 0.350534 0.350534
0.361283 0.353475 0.353475
0.364425 0.356412 0.356412
0.367566 0.359345 0.359345
0.370708 0.362275 0.362275
0.37385 0.365202 0.365202
0.376991 0.368125 0.368125
0.380133 0.371044 0.371044
0.383274 0.373959 0.373959
0.386416 0.376871 0.376871
0.389557 0.379779 0.379779
0.392699 0.382683 0.382683
0.395841 0.385584 0.385584
0.398982 0.388481 0.388481
0.402124 0.391374 0.391374
0.405265 0.394263 0.394263
0.408407 0.397148 0.397148
0.411549 0.400029 0.400029
0.41469 0.402906 0.402906
0.417832 0.40578 0.40578
0.420973 0.408649 0.408649
0.424115 0.411514 0.411514
0.427257 0.414376 0.414376
0.430398 0.417233 0.417233
0.43354 0.420086 0.420086
0.436681 0.422935 0.422935
0.439823 0.425779 0.425779
0.442965 0.42862 0.42862
0.446106 0.431456 0.431456
0.449248 0.434288 0.434288
0.452389 0.437116 0.437116
0.455531 0.439939 0.439939
0.458673 0.442758 0.442758
0.461814 0.445573 0.445573
0.464956 0.448383 0.448383
0.468097 0.451189 0.451189
0.471239 0.45399 0.45399
0.47438 0.456787 0.456787
0.477522 0.45958 0.45958
0.480664 0.462368 0.462368
0.483805 0.465151 0.465151
0.486947 0.46793 0.46793
0.490088 0.470704 0.470704
0.49323 0.473473 0.473473
0.496372 0.476238 0.476238
0.499513 0.478998 0.478998
0.502655 0.481754 0.481754
0.505796 0.484504 0.484504
0.508938 0.48725 0.48725
0.51208 0.489991 0.489991
0.515221 0.492727 0.492727
0.518363 0.495459 0.495459
0.521504 0.498185 0.498185
0.524646 0.500907 0.500907
0.527788 0.503623 0.503623
0.530929 0.506335 0.506335
0.534071 0.509041 0.509041
0.537212 0.511743 0.511743
0.540354 0.51444 0.51444
0.543496 0.517131 0.517131
0.546637 0.519817 0.519817
0.549779 0.522499 0.522499
0.55292 0.525175 0.525175
0.556062 0.527846 0.527846
0.559203 0.530511 0.530511
0.562345 0.533172 0.533172
0.565487 0.535827 0.535827
0.568628 0.538477 0.538477
0.57177 0.541121 0.541121
0.574911 0.54376 0.54376
0.578053 0.546394 0.546394
0.581195 0.549023 0.549023
0.584336 0.551646 0.551646
0.587478 0.554263 0.554263
0.590619 0.556876 0.556876
0.593761 0.559482 0.559482
0.596903 0.562083 0.562083
0.600044 0.564679 0.564679
0.603186 0.567269 0.567269
0.606327 0.569853 0.569853
0.609469 0.572432 0.572432
0.612611 0.575005 0.575005
0.615752 0.577573 0.577573
0.618894 0.580134 0.580134
0.622035 0.58269 0.58269
0.625177 0.585241 0.585241
0.628319 0.587785 0.587785
0.63146 0.590324 0.590324
0.634602 0.592857 0.592857
0.637743 0.595384 0.595384
0.640885 0.597905 0.597905
0.644026 0.60042 0.60042
0.647168 0.60293 0.60293
0.65031 0.605433 0.605433
0.653451 0.60793 0.60793
0.656593 0.610422 0.610422
0.659734 0.612907 0.612907
0.662876 0.615386 0.615386
0.666018 0.61786 0.61786
0.669159 0.620327 0.620327
0.672301 0.622788 0.622788
0.675442 0.625243 0.625243
0.678584 0.627691 0.627691
0.681726 0.630134 0.630134
0.684867 0.63257 0.63257
0.688009 0.635 0.635
0.69115 0.637424 0.637424
0.694292 0.639841 0.639841
0.697434 0.642253 0.642253
0.700575 0.644657 0.644657
0.703717 0.647056 0.647056
0.706858 0.649448 0.649448
0.71 0.651834 0.651834
0.713142 0.654213 0.654213
0.716283 0.656586 0.656586
0.719425 0.658952 0.658952
0.722566 0.661312 0.661312
0.725708 0.663665 0.663665
0.728849 0.666012 0.666012
0.731991 0.668352 0.668352
0.735133 0.670686 0.670686
0.738274 0.673013 0.673013
0.741416 0.675333 0.675333
0.744557 0.677646 0.677646
0.747699 0.679953 0.679953
0.750841 0.682254 0.682254
0.753982 0.684547 0.684547
0.757124 0.686834 0.686834
0.760265 0.689114 0.689114
0.763407 0.691387 0.691387
0.766549 0.693653 0.693653
0.76969 0.695913 0.695913
0.772832 0.698165 0.698165
0.775973 0.700411 0.700411
0.779115 0.70265 0.70265
0.782257 0.704882 0.704882
0.785398 0.707107 0.707107
0.78854 0.709325 0.709325
0.791681 0.711536 0.711536
0.794823 0.71374 0.71374
0.797965 0.715936 0.715936
0.801106 0.718126 0.718126
0.804248 0.720309 0.720309
0.807389 0.722485 0.722485
0.810531 0.724653 0.724653
0.813672 0.726814 0.726814
0.816814 0.728969 0.728969
0.819956 0.731116 0.731116
0.823097 0.733255 0.733255
0.826239 0.735388 0.735388
0.82938 0.737513 0.737513
0.832522 0.739631 0.739631
0.835664 0.741742 0.741742
0.838805 0.743845 0.743845
0.841947 0.745941 0.745941
0.845088 0.74803 0.74803
0.84823 0.750111 0.750111
0.851372 0.752185 0.752185
0.854513 0.754251 0.754251
0.857655 0.75631 0.75631
0.860796 0.758362 0.758362
0.863938 0.760406 0.760406
0.86708 0.762443 0.762443
0.870221 0.764472 0.764472
0.873363 0.766493 0.766493
0.876504 0.768507 0.768507
0.879646 0.770513 0.770513
0.882788 0.772512 0.772512
0.885929 0.774503 0.774503
0.889071 0.776487 0.776487
0.892212 0.778462 0.778462
0.895354 0.78043 0.78043
0.898495 0.782391 0.782391
0.901637 0.784343 0.784343
0.904779 0.786288 0.786288
0.90792 0.788226 0.788226
0.911062 0.790155 0.790155
0.914203 0.792077 0.792077
0.917345 0.79399 0.79399
0.920487 0.795896 0.795896
0.923628 0.797794 0.797794
0.92677 0.799685 0.799685
0.929911 0.801567 0.801567
0.933053 0.803441 0.803441
0.936195 0.805308 0.805308
0.939336 0.807166 0.807166
0.942478 0.809017 0.809017
0.945619 0.81086 0.81086
0.948761 0.812694 0.812694
0.951903 0.814521 0.814521
0.955044 0.816339 0.816339
0.958186 0.81815 0.81815
0.961327 0.819952 0.819952
0.964469 0.821746 0.821746
0.967611 0.823533 0.823533
0.970752 0.825311 0.825311
0.973894 0.827081 0.827081
0.977035 0.828842 0.828842
0.980177 0.830596 0.830596
0.983318 0.832341 0.832341
0.98646 0.834078 0.834078
0.989602 0.835807 0.835807
0.992743 0.837528 0.837528
0.995885 0.83924 0.83924
0.999026 0.840945 0.840945
1.00217 0.84264 0.84264
1.00531 0.844328 0.844328
1.00845 0.846007 0.846007
1.01159 0.847678 0.847678
1.01473 0.84934 0.84934
1.01788 0.850994 0.850994
1.02102 0.85264 0.85264
1.02416 0.854277 0.854277
1.0273 0.855906 0.855906
1.03044 0.857527 0.857527
1.03358 0.859139 0.859139
1.03673 0.860742 0.860742
1.03987 0.862337 0.862337
1.04301 0.863923 0.863923
1.04615 0.865501 0.865501
1.04929 0.867071 0.867071
1.05243 0.868632 0.868632
1.05558 0.870184 0.870184
1.05872 0.871727 0.871727
1.06186 0.873262 0.873262
1.065 0.874789 0.874789
1.06814 0.876307 0.876307
1.07128 0.877816 0.877816
1.07442 0.879316 0.879316
1.07757 0.880808 0.880808
1.08071 0.882291 0.882291
1.08385 0.883766 0.883766
1.08699 0.885231 0.885231
1.09013 0.886688 0.886688
1.09327 0.888136 0.888136
1.09642 0.889576 0.889576
1.09956 0.891007 0.891007
1.1027 0.892428 0.892428
1.10584 0.893841 0.893841
1.10898 0.895246 0.895246
1.11212 0.896641 0.896641
1.11527 0.898028 0.898028
1.11841 0.899405 0.899405
1.12155 0.900774 0.900774
1.12469 0.902134 0.902134
1.12783 0.903485 0.903485
1.13097 0.904827 0.904827
1.13411 0.90616 0.90616
1.13726 0.907484 0.907484
1.1404 0.9088 0.9088
1.14354 0.910106 0.910106
1.14668 0.911403 0.911403
1.14982 0.912692 0.912692
1.15296 0.913971 0.913971
1.15611 0.915241 0.915241
1.15925 0.916502 0.916502
1.16239 0.917755 0.917755
1.16553 0.918998 0.918998
1.16867 0.920232 0.920232
1.17181 0.921457 0.921457
1.17496 0.922673 0.922673
1.1781 0.92388 0.92388
1.18124 0.925077 0.925077
1.18438 0.926266 0.926266
1.18752 0.927445 0.927445
1.19066 0.928615 0.928615
1.19381 0.929776 0.929776
1.19695 0.930928 0.930928
1.20009 0.932071 0.932071
1.20323 0.933205 0.933205
1.20637 0.934329 0.934329
1.20951 0.935444 0.935444
1.21265 0.93655 0.93655
1.2158 0.937646 0.937646
1.21894 0.938734 0.938734
1.22208 0.939812 0.939812
1.22522 0.940881 0.940881
1.22836 0.94194 0.94194
1.2315 0.942991 0.942991
1.23465 0.944031 0.944031
1.23779 0.945063 0.945063
1.24093 0.946085 0.946085
1.24407 0.947098 0.947098
1.24721 0.948102 0.948102
1.25035 0.949096 0.949096
1.2535 0.950081 0.950081
1.25664 0.951057 0.951057
1.25978 0.952023 0.952023
1.26292 0.952979 0.952979
1.26606 0.953927 0.953927
1.2692 0.954865 0.954865
1.27235 0.955793 0.955793
1.27549 0.956712 0.956712
1.27863 0.957622 0.957622
1.28177 0.958522 0.958522
1.28491 0.959412 0.959412
1.28805 0.960294 0.960294
1.29119 0.961165 0.961165
1.29434 0.962028 0.962028
1.29748 0.96288 0.96288
1.30062 0.963724 0.963724
1.30376 0.964557 0.964557
1.3069 0.965382 0.965382
1.31004 0.966196 0.966196
1.31319 0.967001 0.967001
1.31633 0.967797 0.967797
1.31947 0.968583 0.968583
1.32261 0.96936 0.96936
1.32575 0.970127 0.970127
1.32889 0.970884 0.970884
1.33204 0.971632 0.971632
1.33518 0.97237 0.97237
1.33832 0.973099 0.973099
1.34146 0.973817 0.973817
1.3446 0.974527 0.974527
1.34774 0.975227 0.975227
1.35088 0.975917 0.975917
1.35403 0.976597 0.976597
1.35717 0.977268 0.977268
1.36031 0.977929 0.977929
1.36345 0.978581 0.978581
1.36659 0.979223 0.979223
1.36973 0.979855 0.979855
1.37288 0.980478 0.980478
1.37602 0.981091 0.981091
1.37916 0.981694 0.981694
1.3823 0.982287 0.982287
1.38544 0.982871 0.982871
1.38858 0.983445 0.983445
1.39173 0.98401 0.98401
1.39487 0.984564 0.984564
1.39801 0.985109 0.985109
1.40115 0.985645 0.985645
1.40429 0.98617 0.98617
1.40743 0.986686 0.986686
1.41058 0.987192 0.987192
1.41372 0.987688 0.987688
1.41686 0.988175 0.988175
1.42 0.988652 0.988652
1.42314 0.989119 0.989119
1.42628 0.989576 0.989576
1.42942 0.990024 0.990024
1.43257 0.990461 0.990461
1.43571 0.990889 0.990889
1.43885 0.991308 0.991308
1.44199 0.991716 0.991716
1.44513 0.992115 0.992115
1.44827 0.992504 0.992504
1.45142 0.992883 0.992883
1.45456 0.993252 0.993252
1.4577 0.993611 0.993611
1.46084 0.993961 0.993961
1.46398 0.994301 0.994301
1.46712 0.994631 0.994631
1.47027 0.994951 0.994951
1.47341 0.995261 0.995261
1.47655 0.995562 0.995562
1.47969 0.995853 0.995853
1.48283 0.996134 0.996134
1.48597 0.996405 0.996405
1.48911 0.996666 0.996666
1.49226 0.996917 0.996917
1.4954 0.997159 0.997159
1.49854 0.997391 0.997391
1.50168 0.997613 0.997613
1.50482 0.997825 0.997825
1.50796 0.998027 0.998027
1.51111 0.998219 0.998219
1.51425 0.998402 0.998402
1.51739 0.998574 0.998574
1.52053 0.998737 0.998737
1.52367 0.99889 0.99889
1.52681 0.999033 0.999033
1.52996 0.999166 0.999166
1.5331 0.999289 0.999289
1.53624 0.999403 0.999403
1.53938 0.999507 0.999507
1.54252 0.9996 0.9996
1.54566 0.999684 0.999684
1.54881 0.999758 0.999758
1.55195 0.999822 0.999822
1.55509 0.999877 0.999877
1.55823 0.999921 0.999921
1.56137 0.999956 0.999956
1.56451 0.99998 0.99998
1.56765 0.999995 0.999995
1.5708 1 1
1.57394 0.999995 0.999995
1.57708 0.99998 0.99998
1.58022 0.999956 0.999956
1.58336 0.999921 0.999921
1.5865 0.999877 0.999877
1.58965 0.999822 0.999822
1.59279 0.999758 0.999758
1.59593 0.999684 0.999684
1.59907 0.9996 0.9996
1.60221 0.999507 0.999507
1.60535 0.999403 0.999403
1.6085 0.999289 0.999289
1.61164 0.999166 0.999166
1.61478 0.999033 0.999033
1.61792 0.99889 0.99889
1.62106 0.998737 0.998737
1.6242 0.998574 0.998574
1.62734 0.998402 0.998402
1.63049 0.998219 0.998219
1.63363 0.998027 0.998027
1.63677 0.997825 0.997825
1.63991 0.997613 0.997613
1.64305 0.997391 0.997391
1.64619 0.997159 0.997159
1.64934 0.996917 0.996917
1.65248 0.996666 0.996666
1.65562 0.996405 0.996405
1.65876 0.996134 0.996134
1.6619 0.995853 0.995853
1.66504 0.995562 0.995562
1.66819 0.995261 0.995261
1.67133 0.994951 0.994951
1.67447 0.994631 0.994631
1.67761 0.994301 0.994301
1.68075 0.993961 0.993961
1.68389 0.993611 0.993611
1.68704 0.993252 0.993252
1.69018 0.992883 0.992883
1.69332 0.992504 0.992504
1.69646 0.992115 0.992115
1.6996 0.991716 0.991716
1.70274 0.991308 0.991308
1.70588 0.990889 0.990889
1.70903 0.990461 0.990461
1.71217 0.990024 0.990024
1.71531 0.989576 0.989576
1.71845 0.989119 0.989119
1.72159 0.988652 0.988652
1.72473 0.988175 0.988175
1.72788 0.987688 0.987688
1.73102 0.987192 0.987192
1.73416 0.986686 0.986686
1.7373 0.98617 0.98617
1.74044 0.985645 0.985645
1.74358 0.985109 0.985109
1.74673 0.984564 0.984564
1.74987 0.98401 0.98401
1.75301 0.983445 0.983445
1.75615 0.982871 0.982871
1.75929 0.982287 0.982287
1.76243 0.981694 0.981694
1.76558 0.981091 0.981091
1.76872 0.980478 0.980478
1.77186 0.979855 0.979855
1.775 0.979223 0.979223
1.77814 0.978581 0.978581
1.78128 0.977929 0.977929
1.78442 0.977268 0.977268
1.78757 0.976597 0.976597
1.79071 0.975917 0.975917
1.79385 0.975227 0.975227
1.79699 0.974527 0.974527
1.80013 0.973817 0.973817
1.80327 0.973099 0.973099
1.80642 0.97237 0.97237
1.80956 0.971632 0.971632
1.8127 0.970884 0.970884
1.81584 0.970127 0.970127
1.81898 0.96936 0.96936
1.82212 0.968583 0.968583
1.82527 0.967797 0.967797
1.82841 0.967001 0.967001
1.83155 0.966196 0.966196
1.83469 0.965382 0.965382
1.83783 0.964557 0.964557
1.84097 0.963724 0.963724
1.84411 0.96288 0.96288
1.84726 0.962028 0.962028
1.8504 0.961165 0.961165
1.85354 0.960294 0.960294
1.85668 0.959412 0.959412
1.85982 0.958522 0.958522
1.86296 0.957622 0.957622
1.86611 0.956712 0.956712
1.86925 0.955793 0.955793
1.87239 0.954865 0.954865
1.87553 0.953927 0.953927
1.87867 0.952979 0.952979
1.88181 0.952023 0.952023
1.88496 0.951057 0.951057
1.8881 0.950081 0.950081
1.89124 0.949096 0.949096
1.89438 0.948102 0.948102
1.89752 0.947098 0.947098
1.90066 0.946085 0.946085
1.90381 0.945063 0.945063
1.90695 0.944031 0.944031
1.91009 0.942991 0.942991
1.91323 0.94194 0.94194
1.91637 0.940881 0.940881
1.91951 0.939812 0.939812
1.92265 0.938734 0.938734
1.9258 0.937647 0.937646
1.92894 0.93655 0.93655
1.93208 0.935444 0.935444
1.93522 0.934329 0.934329
1.93836 0.933205 0.933205
1.9415 0.932071 0.932071
1.94465 0.930928 0.930928
1.94779 0.929776 0.929776
1.95093 0.928615 0.928615
1.95407 0.927445 0.927445
1.95721 0.926266 0.926266
1.96035 0.925077 0.925077
1.9635 0.92388 0.92388
1.96664 0.922673 0.922673
1.96978 0.921457 0.921457
1.97292 0.920232 0.920232
1.97606 0.918998 0.918998
1.9792 0.917755 0.917755
1.98234 0.916502 0.916502
1.98549 0.915241 0.915241
1.98863 0.913971 0.913971
1.99177 0.912692 0.912692
1.99491 0.911403 0.911403
1.99805 0.910106 0.910106
2.00119 0.9088 0.9088
2.00434 0.907484 0.907484
2.00748 0.90616 0.90616
2.01062 0.904827 0.904827
2.01376 0.903485 0.903485
2.0169 0.902134 0.902134
2.02004 0.900774 0.900774
2.02319 0.899405 0.899405
2.02633 0.898028 0.898028
2.02947 0.896641 0.896641
2.03261 0.895246 0.895246
2.03575 0.893841 0.893841
2.03889 0.892428 0.892428
2.04204 0.891007 0.891007
2.04518 0.889576 0.889576
2.04832 0.888136 0.888136
2.05146 0.886688 0.886688
2.0546 0.885231 0.885231
2.05774 0.883766 0.883766
2.06088 0.882291 0.882291
2.06403 0.880808 0.880808
2.06717 0.879316 0.879316
2.07031 0.877816 0.877816
2.07345 0.876307 0.876307
2.07659 0.874789 0.874789
2.07973 0.873262 0.873262
2.08288 0.871727 0.871727
2.08602 0.870184 0.870184
2.08916 0.868632 0.868632
2.0923 0.867071 0.867071
2.09544 0.865501 0.865501
2.09858 0.863923 0.863923
2.10173 0.862337 0.862337
2.10487 0.860742 0.860742
2.10801 0.859139 0.859139
2.11115 0.857527 0.857527
2.11429 0.855906 0.855906
2.11743 0.854277 0.854277
2.12058 0.85264 0.85264
2.12372 0.850994 0.850994
2.12686 0.84934 0.84934
2.13 0.847678 0.847678
2.13314 0.846007 0.846007
2.13628 0.844328 0.844328
2.13942 0.84264 0.84264
2.14257 0.840945 0.840945
2.14571 0.83924 0.83924
2.14885 0.837528 0.837528
2.15199 0.835807 0.835807
2.15513 0.834078 0.834078
2.15827 0.832341 0.832341
2.16142 0.830596 0.830596
2.16456 0.828842 0.828842
2.1677 0.827081 0.827081
2.17084 0.825311 0.825311
2.17398 0.823533 0.823533
2.17712 0.821746 0.821746
2.18027 0.819952 0.819952
2.18341 0.81815 0.81815
2.18655 0.816339 0.816339
2.18969 0.814521 0.814521
2.19283 0.812694 0.812694
2.19597 0.81086 0.81086
2.19911 0.809017 0.809017
2.20226 0.807166 0.807166
2.2054 0.805308 0.805308
2.20854 0.803441 0.803441
2.21168 0.801567 0.801567
2.21482 0.799685 0.799685
2.21796 0.797794 0.797794
2.22111 0.795896 0.795896
2.22425 0.79399 0.79399
2.22739 0.792077 0.792077
2.23053 0.790155 0.790155
2.23367 0.788226 0.788226
2.23681 0.786288 0.786288
2.23996 0.784343 0.784343
2.2431 0.782391 0.782391
2.24624 0.78043 0.78043
2.24938 0.778462 0.778462
2.25252 0.776487 0.776487
2.25566 0.774503 0.774503
2.25881 0.772512 0.772512
2.26195 0.770513 0.770513
2.26509 0.768507 0.768507
2.26823 0.766493 0.766493
2.27137 0.764472 0.764472
2.27451 0.762443 0.762443
2.27765 0.760406 0.760406
2.2808 0.758362 0.758362
2.28394 0.75631 0.75631
2.28708 0.754251 0.754251
2.29022 0.752185 0.752185
2.29336 0.750111 0.750111
2.2965 0.74803 0.74803
2.29965 0.745941 0.745941
2.30279 0.743845 0.743845
2.30593 0.741742 0.741742
2.30907 0.739631 0.739631
2.31221 0.737513 0.737513
2.31535 0.735388 0.735388
2.3185 0.733255 0.733255
2.32164 0.731116 0.731116
2.32478 0.728969 0.728969
2.32792 0.726814 0.726814
2.33106 0.724653 0.724653
2.3342 0.722485 0.722485
2.33734 0.720309 0.720309
2.34049 0.718126 0.718126
2.34363 0.715936 0.715936
2.34677 0.71374 0.71374
2.34991 0.711536 0.711536
2.35305 0.709325 0.709325
2.35619 0.707107 0.707107
2.35934 0.704882 0.704882
2.36248 0.70265 0.70265
2.36562 0.700411 0.700411
2.36876 0.698165 0.698165
2.3719 0.695913 0.695913
2.37504 0.693653 0.693653
2.37819 0.691387 0.691387
2.38133 0.689114 0.689114
2.38447 0.686834 0.686834
2.38761 0.684547 0.684547
2.39075 0.682254 0.682254
2.39389 0.679953 0.679953
2.39704 0.677646 0.677646
2.40018 0.675333 0.675333
2.40332 0.673013 0.673013
2.40646 0.670686 0.670686
2.4096 0.668352 0.668352
2.41274 0.666012 0.666012
2.41588 0.663665 0.663665
2.41903 0.661312 0.661312
2.42217 0.658952 0.658952
2.42531 0.656586 0.656586
2.42845 0.654213 0.654213
2.43159 0.651834 0.651834
2.43473 0.649448 0.649448
2.43788 0.647056 0.647056
2.44102 0.644657 0.644657
2.44416 0.642253 0.642253
2.4473 0.639841 0.639841
2.45044 0.637424 0.637424
2.45358 0.635 0.635
2.45673 0.63257 0.63257
2.45987 0.630134 0.630134
2.46301 0.627691 0.627691
2.46615 0.625243 0.625243
2.46929 0.622788 0.622788
2.47243 0.620327 0.620327
2.47558 0.61786 0.61786
2.47872 0.615386 0.615386
2.48186 0.612907 0.612907
2.485 0.610422 0.610422
2.48814 0.60793 0.60793
2.49128 0.605433 0.605433
2.49442 0.60293 0.60293
2.49757 0.60042 0.60042
2.50071 0.597905 0.597905
2.50385 0.595384 0.595384
2.50699 0.592857 0.592857
2.51013 0.590324 0.590324
2.51327 0.587785 0.587785
2.51642 0.585241 0.585241
2.51956 0.58269 0.58269
2.5227 0.580134 0.580134
2.52584 0.577573 0.577573
2.52898 0.575005 0.575005
2.53212 0.572432 0.572432
2.53527 0.569853 0.569853
2.53841 0.567269 0.567269
2.54155 0.564679 0.564679
2.54469 0.562083 0.562083
2.54783 0.559482 0.559482
2.55097 0.556876 0.556876
2.55411 0.554263 0.554263
2.55726 0.551646 0.551646
2.5604 0.549023 0.549023
2.56354 0.546394 0.546394
2.56668 0.54376 0.54376
2.56982 0.541121 0.541121
2.57296 0.538477 0.538477
2.57611 0.535827 0.535827
2.57925 0.533172 0.533172
2.58239 0.530511 0.530511
2.58553 0.527846 0.527845
2.58867 0.525175 0.525175
2.59181 0.522499 0.522499
2.59496 0.519817 0.519817
2.5981 0.517131 0.517131
2.60124 0.51444 0.51444
2.60438 0.511743 0.511743
2.60752 0.509041 0.509041
2.61066 0.506335 0.506335
2.61381 0.503623 0.503623
2.61695 0.500907 0.500907
2.62009 0.498185 0.498185
2.62323 0.495459 0.495459
2.62637 0.492727 0.492727
2.62951 0.489991 0.489991
2.63265 0.48725 0.48725
2.6358 0.484504 0.484504
2.63894 0.481754 0.481754
2.64208 0.478998 0.478998
2.64522 0.476238 0.476238
2.64836 0.473473 0.473473
2.6515 0.470704 0.470704
2.65465 0.46793 0.46793
2.65779 0.465151 0.465151
2.66093 0.462368 0.462368
2.66407 0.45958 0.45958
2.66721 0.456787 0.456787
2.67035 0.453991 0.45399
2.6735 0.451189 0.451189
2.67664 0.448383 0.448383
2.67978 0.445573 0.445573
2.68292 0.442758 0.442758
2.68606 0.439939 0.439939
2.6892 0.437116 0.437116
2.69234 0.434288 0.434288
2.69549 0.431456 0.431456
2.69863 0.42862 0.42862
2.70177 0.425779 0.425779
2.70491 0.422935 0.422935
2.70805 0.420086 0.420086
2.71119 0.417233 0.417233
2.71434 0.414376 0.414376
2.71748 0.411514 0.411514
2.72062 0.408649 0.408649
2.72376 0.40578 0.40578
2.7269 0.402906 0.402906
2.73004 0.400029 0.400029
2.73319 0.397148 0.397148
2.73633 0.394263 0.394263
2.73947 0.391374 0.391374
2.74261 0.388481 0.388481
2.74575 0.385584 0.385584
2.74889 0.382683 0.382683
2.75204 0.379779 0.379779
2.75518 0.376871 0.376871
2.75832 0.373959 0.373959
2.76146 0.371044 0.371044
2.7646 0.368125 0.368124
2.76774 0.365202 0.365202
2.77088 0.362275 0.362275
2.77403 0.359345 0.359345
2.77717 0.356412 0.356412
2.78031 0.353475 0.353475
2.78345 0.350534 0.350534
2.78659 0.34759 0.34759
2.78973 0.344643 0.344643
2.79288 0.341692 0.341692
2.79602 0.338738 0.338738
2.79916 0.33578 0.33578
2.8023 0.33282 0.332819
2.80544 0.329855 0.329855
2.80858 0.326888 0.326888
2.81173 0.323917 0.323917
2.81487 0.320944 0.320943
2.81801 0.317967 0.317967
2.82115 0.314987 0.314986
2.82429 0.312003 0.312003
2.82743 0.309017 0.309017
2.83057 0.306028 0.306028
2.83372 0.303035 0.303035
2.83686 0.30004 0.30004
2.84 0.297042 0.297041
2.84314 0.29404 0.29404
2.84628 0.291036 0.291036
2.84942 0.288029 0.288029
2.85257 0.285019 0.285019
2.85571 0.282007 0.282006
2.85885 0.278991 0.278991
2.86199 0.275973 0.275973
2.86513 0.272952 0.272952
2.86827 0.269928 0.269928
2.87142 0.266902 0.266902
2.87456 0.263873 0.263873
2.8777 0.260842 0.260841
2.88084 0.257807 0.257807
2.88398 0.254771 0.254771
2.88712 0.251732 0.251731
2.89027 0.24869 0.24869
2.89341 0.245646 0.245646
2.89655 0.242599 0.242599
2.89969 0.23955 0.23955
2.90283 0.236499 0.236499
2.90597 0.233445 0.233445
2.90911 0.230389 0.230389
2.91226 0.227331 0.227331
2.9154 0.224271 0.224271
2.91854 0.221208 0.221208
2.92168 0.218143 0.218143
2.92482 0.215076 0.215076
2.92796 0.212007 0.212007
2.93111 0.208936 0.208936
2.93425 0.205863 0.205862
2.93739 0.202787 0.202787
2.94053 0.19971 0.19971
2.94367 0.196631 0.19663
2.94681 0.193549 0.193549
2.94996 0.190466 0.190466
2.9531 0.187381 0.187381
2.95624 0.184294 0.184294
2.95938 0.181206 0.181205
2.96252 0.178115 0.178115
2.96566 0.175023 0.175023
2.96881 0.171929 0.171929
2.97195 0.168833 0.168833
2.97509 0.165736 0.165736
2.97823 0.162637 0.162637
2.98137 0.159537 0.159536
2.98451 0.156434 0.156434
2.98765 0.153331 0.15333
2.9908 0.150226 0.150225
2.99394 0.147119 0.147119
2.99708 0.144011 0.14401
3.00022 0.140901 0.140901
3.00336 0.13779 0.13779
3.0065 0.134678 0.134678
3.00965 0.131564 0.131564
3.01279 0.128449 0.128449
3.01593 0.125333 0.125333
3.01907 0.122216 0.122215
3.02221 0.119097 0.119097
3.02535 0.115977 0.115977
3.0285 0.112856 0.112856
3.03164 0.109734 0.109734
3.03478 0.106611 0.106611
3.03792 0.103487 0.103487
3.04106 0.100362 0.100361
3.0442 0.0972355 0.097235
3.04734 0.0941083 0.0941079
3.05049 0.0909802 0.0909797
3.05363 0.0878512 0.0878507
3.05677 0.0847213 0.0847208
3.05991 0.0815906 0.0815901
3.06305 0.0784591 0.0784586
3.06619 0.0753268 0.0753263
3.06934 0.0721938 0.0721933
3.07248 0.06906 0.0690595
3.07562 0.0659256 0.0659251
3.07876 0.0627905 0.06279
3.0819 0.0596548 0.0596543
3.08504 0.0565185 0.056518
3.08819 0.0533817 0.0533811
3.09133 0.0502443 0.0502437
3.09447 0.0471065 0.0471059
3.09761 0.0439681 0.0439675
3.10075 0.0408294 0.0408287
3.10389 0.0376902 0.0376896
3.10704 0.0345506 0.03455
3.11018 0.0314108 0.0314101
3.11332 0.0282706 0.0282699
3.11646 0.0251301 0.0251294
3.1196 0.0219894 0.0219887
3.12274 0.0188484 0.0188477
3.12588 0.0157073 0.0157066
3.12903 0.012566 0.0125653
3.13217 0.00942464 0.00942391
3.13531 0.00628315 0.0062824
3.13845 0.00314159 0.00314083
3.14159 3.58979e-09 -7.69196e-07
3.14473 -0.00314158 -0.00314237
3.14788 -0.00628314 -0.00628394
3.15102 -0.00942463 -0.00942545
3.15416 -0.012566 -0.0125669
3.1573 -0.0157073 -0.0157082
3.16044 -0.0188484 -0.0188493
3.16358 -0.0219894 -0.0219902
3.16673 -0.0251301 -0.025131
3.16987 -0.0282706 -0.0282715
3.17301 -0.0314108 -0.0314117
3.17615 -0.0345506 -0.0345516
3.17929 -0.0376902 -0.0376911
3.18243 -0.0408293 -0.0408303
3.18557 -0.0439681 -0.0439691
3.18872 -0.0471064 -0.0471074
3.19186 -0.0502443 -0.0502453
3.195 -0.0533817 -0.0533827
3.19814 -0.0565185 -0.0565196
3.20128 -0.0596548 -0.0596559
3.20442 -0.0627905 -0.0627916
3.20757 -0.0659256 -0.0659267
3.21071 -0.06906 -0.0690611
3.21385 -0.0721938 -0.0721949
3.21699 -0.0753268 -0.075328
3.22013 -0.0784591 -0.0784603
3.22327 -0.0815906 -0.0815918
3.22642 -0.0847213 -0.0847225
3.22956 -0.0878512 -0.0878524
3.2327 -0.0909802 -0.0909815
3.23584 -0.0941083 -0.0941096
3.23898 -0.0972355 -0.0972368
3.24212 -0.100362 -0.100363
3.24527 -0.103487 -0.103488
3.24841 -0.106611 -0.106613
3.25155 -0.109734 -0.109736
3.25469 -0.112856 -0.112858
3.25783 -0.115977 -0.115979
3.26097 -0.119097 -0.119099
3.26411 -0.122216 -0.122217
3.26726 -0.125333 -0.125335
3.2704 -0.128449 -0.128451
3.27354 -0.131564 -0.131566
3.27668 -0.134678 -0.13468
3.27982 -0.13779 -0.137792
3.28296 -0.140901 -0.140903
3.28611 -0.144011 -0.144012
3.28925 -0.147119 -0.147121
3.29239 -0.150226 -0.150227
3.29553 -0.153331 -0.153333
3.29867 -0.156434 -0.156436
3.30181 -0.159537 -0.159538
3.30496 -0.162637 -0.162639
3.3081 -0.165736 -0.165738
3.31124 -0.168833 -0.168835
3.31438 -0.171929 -0.171931
3.31752 -0.175023 -0.175025
3.32066 -0.178115 -0.178117
3.32381 -0.181206 -0.181208
3.32695 -0.184294 -0.184296
3.33009 -0.187381 -0.187383
3.33323 -0.190466 -0.190468
3.33637 -0.193549 -0.193552
3.33951 -0.196631 -0.196633
3.34265 -0.19971 -0.199712
3.3458 -0.202787 -0.20279
3.34894 -0.205863 -0.205865
3.35208 -0.208936 -0.208938
3.35522 -0.212007 -0.212009
3.35836 -0.215076 -0.215079
3.3615 -0.218143 -0.218146
3.36465 -0.221208 -0.221211
3.36779 -0.224271 -0.224273
3.37093 -0.227331 -0.227334
3.37407 -0.230389 -0.230392
3.37721 -0.233445 -0.233448
3.38035 -0.236499 -0.236502
3.3835 -0.23955 -0.239553
3.38664 -0.242599 -0.242602
3.38978 -0.245646 -0.245649
3.39292 -0.24869 -0.248693
3.39606 -0.251732 -0.251734
3.3992 -0.254771 -0.254774
3.40234 -0.257807 -0.25781
3.40549 -0.260842 -0.260845
3.40863 -0.263873 -0.263876
3.41177 -0.266902 -0.266905
3.41491 -0.269928 -0.269931
3.41805 -0.272952 -0.272955
3.42119 -0.275973 -0.275976
3.42434 -0.278991 -0.278994
3.42748 -0.282007 -0.28201
3.43062 -0.285019 -0.285023
3.43376 -0.288029 -0.288033
3.4369 -0.291036 -0.29104
3.44004 -0.29404 -0.294044
3.44319 -0.297042 -0.297045
3.44633 -0.30004 -0.300044
3.44947 -0.303035 -0.303039
3.45261 -0.306028 -0.306031
3.45575 -0.309017 -0.309021
3.45889 -0.312003 -0.312007
3.46204 -0.314987 -0.314991
3.46518 -0.317967 -0.317971
3.46832 -0.320944 -0.320948
3.47146 -0.323917 -0.323922
3.4746 -0.326888 -0.326892
3.47774 -0.329855 -0.32986
3.48088 -0.33282 -0.332824
3.48403 -0.33578 -0.335785
3.48717 -0.338738 -0.338742
3.49031 -0.341692 -0.341697
3.49345 -0.344643 -0.344648
3.49659 -0.34759 -0.347595
3.49973 -0.350534 -0.350539
3.50288 -0.353475 -0.35348
3.50602 -0.356412 -0.356417
3.50916 -0.359345 -0.35935
3.5123 -0.362275 -0.36228
3.51544 -0.365202 -0.365207
3.51858 -0.368125 -0.36813
3.52173 -0.371044 -0.371049
3.52487 -0.373959 -0.373965
3.52801 -0.376871 -0.376877
3.53115 -0.379779 -0.379785
3.53429 -0.382683 -0.382689
3.53743 -0.385584 -0.38559
3.54057 -0.388481 -0.388487
3.54372 -0.391374 -0.39138
3.54686 -0.394263 -0.394269
3.55 -0.397148 -0.397154
3.55314 -0.400029 -0.400035
3.55628 -0.402906 -0.402913
3.55942 -0.40578 -0.405786
3.56257 -0.408649 -0.408656
3.56571 -0.411514 -0.411521
3.56885 -0.414376 -0.414382
3.57199 -0.417233 -0.41724
3.57513 -0.420086 -0.420093
3.57827 -0.422935 -0.422942
3.58142 -0.425779 -0.425786
3.58456 -0.42862 -0.428627
3.5877 -0.431456 -0.431463
3.59084 -0.434288 -0.434295
3.59398 -0.437116 -0.437123
3.59712 -0.439939 -0.439947
3.60027 -0.442758 -0.442766
3.60341 -0.445573 -0.445581
3.60655 -0.448383 -0.448391
3.60969 -0.451189 -0.451197
3.61283 -0.45399 -0.453999
3.61597 -0.456787 -0.456796
3.61911 -0.45958 -0.459588
3.62226 -0.462368 -0.462376
3.6254 -0.465151 -0.46516
3.62854 -0.46793 -0.467939
3.63168 -0.470704 -0.470713
3.63482 -0.473473 -0.473483
3.63796 -0.476238 -0.476247
3.64111 -0.478998 -0.479008
3.64425 -0.481754 -0.481763
3.64739 -0.484504 -0.484514
3.65053 -0.48725 -0.48726
3.65367 -0.489991 -0.490001
3.65681 -0.492727 -0.492737
3.65996 -0.495459 -0.495469
3.6631 -0.498185 -0.498196
3.66624 -0.500907 -0.500917
3.66938 -0.503623 -0.503634
3.67252 -0.506335 -0.506346
3.67566 -0.509041 -0.509052
3.6788 -0.511743 -0.511754
3.68195 -0.51444 -0.514451
3.68509 -0.517131 -0.517143
3.68823 -0.519817 -0.519829
3.69137 -0.522499 -0.52251
3.69451 -0.525175 -0.525187
3.69765 -0.527846 -0.527858
3.7008 -0.530511 -0.530524
3.70394 -0.533172 -0.533184
3.70708 -0.535827 -0.53584
3.71022 -0.538477 -0.53849
3.71336 -0.541121 -0.541134
3.7165 -0.54376 -0.543774
3.71965 -0.546394 -0.546408
3.72279 -0.549023 -0.549037
3.72593 -0.551646 -0.55166
3.72907 -0.554263 -0.554278
3.73221 -0.556876 -0.55689
3.73535 -0.559482 -0.559497
3.7385 -0.562083 -0.562098
3.74164 -0.564679 -0.564694
3.74478 -0.567269 -0.567284
3.74792 -0.569853 -0.569869
3.75106 -0.572432 -0.572448
3.7542 -0.575005 -0.575021
3.75734 -0.577573 -0.577589
3.76049 -0.580134 -0.580151
3.76363 -0.58269 -0.582707
3.76677 -0.585241 -0.585257
3.76991 -0.587785 -0.587802
3.77305 -0.590324 -0.590341
3.77619 -0.592857 -0.592874
3.77934 -0.595384 -0.595402
3.78248 -0.597905 -0.597923
3.78562 -0.60042 -0.600438
3.78876 -0.60293 -0.602948
3.7919 -0.605433 -0.605452
3.79504 -0.60793 -0.607949
3.79819 -0.610422 -0.610441
3.80133 -0.612907 -0.612927
3.80447 -0.615386 -0.615406
3.80761 -0.61786 -0.61788
3.81075 -0.620327 -0.620347
3.81389 -0.622788 -0.622808
3.81704 -0.625243 -0.625264
3.82018 -0.627691 -0.627713
3.82332 -0.630134 -0.630155
3.82646 -0.63257 -0.632592
3.8296 -0.635 -0.635022
3.83274 -0.637424 -0.637446
3.83588 -0.639841 -0.639864
3.83903 -0.642253 -0.642276
3.84217 -0.644657 -0.644681
3.84531 -0.647056 -0.64708
3.84845 -0.649448 -0.649472
3.85159 -0.651834 -0.651858
3.85473 -0.654213 -0.654238
3.85788 -0.656586 -0.656611
3.86102 -0.658952 -0.658977
3.86416 -0.661312 -0.661338
3.8673 -0.663665 -0.663691
3.87044 -0.666012 -0.666038
3.87358 -0.668352 -0.668379
3.87673 -0.670686 -0.670713
3.87987 -0.673013 -0.67304
3.88301 -0.675333 -0.675361
3.88615 -0.677646 -0.677675
3.88929 -0.679953 -0.679982
3.89243 -0.682254 -0.682283
3.89557 -0.684547 -0.684577
3.89872 -0.686834 -0.686864
3.90186 -0.689114 -0.689144
3.905 -0.691387 -0.691418
3.90814 -0.693653 -0.693684
3.91128 -0.695913 -0.695944
3.91442 -0.698165 -0.698197
3.91757 -0.700411 -0.700444
3.92071 -0.70265 -0.702683
3.92385 -0.704882 -0.704915
3.92699 -0.707107 -0.707141
3.93013 -0.709325 -0.709359
3.93327 -0.711536 -0.71157
3.93642 -0.71374 -0.713775
3.93956 -0.715936 -0.715972
3.9427 -0.718126 -0.718162
3.94584 -0.720309 -0.720346
3.94898 -0.722485 -0.722522
3.95212 -0.724653 -0.724691
3.95527 -0.726814 -0.726853
3.95841 -0.728969 -0.729007
3.96155 -0.731116 -0.731155
3.96469 -0.733255 -0.733295
3.96783 -0.735388 -0.735428
3.97097 -0.737513 -0.737554
3.97411 -0.739631 -0.739672
3.97726 -0.741742 -0.741784
3.9804 -0.743845 -0.743888
3.98354 -0.745941 -0.745984
3.98668 -0.74803 -0.748073
3.98982 -0.750111 -0.750155
3.99296 -0.752185 -0.75223
3.99611 -0.754251 -0.754297
3.99925 -0.75631 -0.756356
4.00239 -0.758362 -0.758409
4.00553 -0.760406 -0.760453
4.00867 -0.762443 -0.76249
4.01181 -0.764472 -0.76452
4.01496 -0.766493 -0.766542
4.0181 -0.768507 -0.768557
4.02124 -0.770513 -0.770564
4.02438 -0.772512 -0.772563
4.02752 -0.774503 -0.774555
4.03066 -0.776487 -0.776539
4.0338 -0.778462 -0.778515
4.03695 -0.78043 -0.780484
4.04009 -0.782391 -0.782445
4.04323 -0.784343 -0.784399
4.04637 -0.786288 -0.786344
4.04951 -0.788226 -0.788282
4.05265 -0.790155 -0.790213
4.0558 -0.792077 -0.792135
4.05894 -0.79399 -0.794049
4.06208 -0.795896 -0.795956
4.06522 -0.797794 -0.797855
4.06836 -0.799685 -0.799746
4.0715 -0.801567 -0.801629
4.07465 -0.803441 -0.803504
4.07779 -0.805308 -0.805372
4.08093 -0.807166 -0.807231
4.08407 -0.809017 -0.809083
4.08721 -0.81086 -0.810926
4.09035 -0.812694 -0.812761
4.0935 -0.814521 -0.814589
4.09664 -0.816339 -0.816408
4.09978 -0.81815 -0.81822
4.10292 -0.819952 -0.820023
4.10606 -0.821746 -0.821818
4.1092 -0.823533 -0.823605
4.11234 -0.825311 -0.825384
4.11549 -0.827081 -0.827155
4.11863 -0.828842 -0.828918
4.12177 -0.830596 -0.830672
4.12491 -0.832341 -0.832419
4.12805 -0.834078 -0.834157
4.13119 -0.835807 -0.835887
4.13434 -0.837528 -0.837609
4.13748 -0.83924 -0.839322
4.14062 -0.840945 -0.841027
4.14376 -0.84264 -0.842724
4.1469 -0.844328 -0.844413
4.15004 -0.846007 -0.846093
4.15319 -0.847678 -0.847765
4.15633 -0.84934 -0.849429
4.15947 -0.850994 -0.851084
4.16261 -0.85264 -0.852731
4.16575 -0.854277 -0.854369
4.16889 -0.855906 -0.855999
4.17204 -0.857527 -0.857621
4.17518 -0.859139 -0.859234
4.17832 -0.860742 -0.860838
4.18146 -0.862337 -0.862435
4.1846 -0.863923 -0.864022
4.18774 -0.865501 -0.865601
4.19088 -0.867071 -0.867172
4.19403 -0.868632 -0.868734
4.19717 -0.870184 -0.870288
4.20031 -0.871727 -0.871833
4.20345 -0.873262 -0.873369
4.20659 -0.874789 -0.874897
4.20973 -0.876307 -0.876416
4.21288 -0.877816 -0.877927
4.21602 -0.879316 -0.879429
4.21916 -0.880808 -0.880922
4.2223 -0.882291 -0.882406
4.22544 -0.883766 -0.883882
4.22858 -0.885231 -0.885349
4.23173 -0.886688 -0.886808
4.23487 -0.888136 -0.888257
4.23801 -0.889576 -0.889698
4.24115 -0.891007 -0.891131
4.24429 -0.892428 -0.892554
4.24743 -0.893841 -0.893969
4.25057 -0.895246 -0.895374
4.25372 -0.896641 -0.896771
4.25686 -0.898028 -0.89816
4.26 -0.899405 -0.899539
4.26314 -0.900774 -0.900909
4.26628 -0.902134 -0.902271
4.26942 -0.903485 -0.903624
4.27257 -0.904827 -0.904968
4.27571 -0.90616 -0.906303
4.27885 -0.907484 -0.907629
4.28199 -0.9088 -0.908946
4.28513 -0.910106 -0.910254
4.28827 -0.911403 -0.911553
4.29142 -0.912692 -0.912843
4.29456 -0.913971 -0.914124
4.2977 -0.915241 -0.915396
4.30084 -0.916502 -0.91666
4.30398 -0.917755 -0.917914
4.30712 -0.918998 -0.919159
4.31027 -0.920232 -0.920395
4.31341 -0.921457 -0.921622
4.31655 -0.922673 -0.92284
4.31969 -0.92388 -0.924049
4.32283 -0.925077 -0.925248
4.32597 -0.926266 -0.926439
4.32911 -0.927445 -0.927621
4.33226 -0.928615 -0.928793
4.3354 -0.929776 -0.929956
4.33854 -0.930928 -0.93111
4.34168 -0.932071 -0.932255
4.34482 -0.933205 -0.933391
4.34796 -0.934329 -0.934518
4.35111 -0.935444 -0.935635
4.35425 -0.93655 -0.936743
4.35739 -0.937646 -0.937842
4.36053 -0.938734 -0.938932
4.36367 -0.939812 -0.940013
4.36681 -0.940881 -0.941084
4.36996 -0.94194 -0.942146
4.3731 -0.942991 -0.943199
4.37624 -0.944031 -0.944242
4.37938 -0.945063 -0.945276
4.38252 -0.946085 -0.946301
4.38566 -0.947098 -0.947317
4.3888 -0.948102 -0.948323
4.39195 -0.949096 -0.94932
4.39509 -0.950081 -0.950308
4.39823 -0.951057 -0.951286
4.40137 -0.952023 -0.952255
4.40451 -0.952979 -0.953214
4.40765 -0.953927 -0.954164
4.4108 -0.954865 -0.955105
4.41394 -0.955793 -0.956037
4.41708 -0.956712 -0.956959
4.42022 -0.957622 -0.957871
4.42336 -0.958522 -0.958774
4.4265 -0.959412 -0.959668
4.42965 -0.960294 -0.960552
4.43279 -0.961165 -0.961427
4.43593 -0.962028 -0.962293
4.43907 -0.96288 -0.963149
4.44221 -0.963724 -0.963995
4.44535 -0.964557 -0.964832
4.4485 -0.965382 -0.96566
4.45164 -0.966196 -0.966478
4.45478 -0.967001 -0.967286
4.45792 -0.967797 -0.968085
4.46106 -0.968583 -0.968875
4.4642 -0.96936 -0.969655
4.46734 -0.970127 -0.970425
4.47049 -0.970884 -0.971186
4.47363 -0.971632 -0.971937
4.47677 -0.97237 -0.972679
4.47991 -0.973099 -0.973411
4.48305 -0.973817 -0.974134
4.48619 -0.974527 -0.974847
4.48934 -0.975227 -0.975551
4.49248 -0.975917 -0.976245
4.49562 -0.976597 -0.976929
4.49876 -0.977268 -0.977604
4.5019 -0.977929 -0.978269
4.50504 -0.978581 -0.978925
4.50819 -0.979223 -0.979571
4.51133 -0.979855 -0.980207
4.51447 -0.980478 -0.980834
4.51761 -0.981091 -0.981451
4.52075 -0.981694 -0.982059
4.52389 -0.982287 -0.982656
4.52704 -0.982871 -0.983245
4.53018 -0.983445 -0.983823
4.53332 -0.98401 -0.984392
4.53646 -0.984564 -0.984951
4.5396 -0.985109 -0.985501
4.54274 -0.985645 -0.986041
4.54588 -0.98617 -0.986571
4.54903 -0.986686 -0.987091
4.55217 -0.987192 -0.987602
4.55531 -0.987688 -0.988103
4.55845 -0.988175 -0.988595
4.56159 -0.988652 -0.989076
4.56473 -0.989119 -0.989548
4.56788 -0.989576 -0.990011
4.57102 -0.990024 -0.990463
4.57416 -0.990461 -0.990906
4.5773 -0.990889 -0.991339
4.58044 -0.991308 -0.991763
4.58358 -0.991716 -0.992177
4.58673 -0.992115 -0.992581
4.58987 -0.992504 -0.992975
4.59301 -0.992883 -0.993359
4.59615 -0.993252 -0.993734
4.59929 -0.993611 -0.994099
4.60243 -0.993961 -0.994455
4.60557 -0.994301 -0.9948
4.60872 -0.994631 -0.995136
4.61186 -0.994951 -0.995462
4.615 -0.995261 -0.995778
4.61814 -0.995562 -0.996085
4.62128 -0.995853 -0.996382
4.62442 -0.996134 -0.996669
4.62757 -0.996405 -0.996946
4.63071 -0.996666 -0.997213
4.63385 -0.996917 -0.997471
4.63699 -0.997159 -0.997719
4.64013 -0.997391 -0.997957
4.64327 -0.997613 -0.998185
4.64642 -0.997825 -0.998404
4.64956 -0.998027 -0.998613
4.6527 -0.998219 -0.998812
4.65584 -0.998402 -0.999001
4.65898 -0.998574 -0.999181
4.66212 -0.998737 -0.99935
4.66527 -0.99889 -0.99951
4.66841 -0.999033 -0.999661
4.67155 -0.999166 -0.999801
4.67469 -0.999289 -0.999931
4.67783 -0.999403 -1.00005
4.68097 -0.999507 -1.00016
4.68411 -0.9996 -1.00026
4.68726 -0.999684 -1.00036
4.6904 -0.999758 -1.00044
4.69354 -0.999822 -1.00051
4.69668 -0.999877 -1.00057
4.69982 -0.999921 -1.00062
4.70296 -0.999956 -1.00067
4.70611 -0.99998 -1.0007
4.70925 -0.999995 -1.00072
4.71239 -1 -1.00074
4.71553 -0.999995 -1.00074
4.71867 -0.99998 -1.00073
4.72181 -0.999956 -1.00072
4.72496 -0.999921 -1.00069
4.7281 -0.999877 -1.00065
4.73124 -0.999822 -1.00061
4.73438 -0.999758 -1.00055
4.73752 -0.999684 -1.00049
4.74066 -0.9996 -1.00041
4.7438 -0.999507 -1.00033
4.74695 -0.999403 -1.00023
4.75009 -0.999289 -1.00013
4.75323 -0.999166 -1.00002
4.75637 -0.999033 -0.999893
4.75951 -0.99889 -0.999759
4.76265 -0.998737 -0.999616
4.7658 -0.998574 -0.999463
4.76894 -0.998402 -0.999301
4.77208 -0.998219 -0.999128
4.77522 -0.998027 -0.998946
4.77836 -0.997825 -0.998754
4.7815 -0.997613 -0.998552
4.78465 -0.997391 -0.998341
4.78779 -0.997159 -0.99812
4.79093 -0.996917 -0.997889
4.79407 -0.996666 -0.997648
4.79721 -0.996405 -0.997398
4.80035 -0.996134 -0.997138
4.8035 -0.995853 -0.996868
4.80664 -0.995562 -0.996589
4.80978 -0.995261 -0.9963
4.81292 -0.994951 -0.996001
4.81606 -0.994631 -0.995692
4.8192 -0.994301 -0.995374
4.82234 -0.993961 -0.995046
4.82549 -0.993611 -0.994708
4.82863 -0.993252 -0.994361
4.83177 -0.992883 -0.994004
4.83491 -0.992504 -0.993637
4.83805 -0.992115 -0.993261
4.84119 -0.991716 -0.992875
4.84434 -0.991308 -0.992479
4.84748 -0.990889 -0.992074
4.85062 -0.990461 -0.991659
4.85376 -0.990024 -0.991234
4.8569 -0.989576 -0.9908
4.86004 -0.989119 -0.990356
4.86319 -0.988652 -0.989903
4.86633 -0.988175 -0.989439
4.86947 -0.987688 -0.988967
4.87261 -0.987192 -0.988484
4.87575 -0.986686 -0.987992
4.87889 -0.98617 -0.987491
4.88203 -0.985645 -0.98698
4.88518 -0.985109 -0.986459
4.88832 -0.984564 -0.985929
4.89146 -0.98401 -0.985389
4.8946 -0.983445 -0.98484
4.89774 -0.982871 -0.984281
4.90088 -0.982287 -0.983712
4.90403 -0.981694 -0.983134
4.90717 -0.981091 -0.982546
4.91031 -0.980478 -0.981949
4.91345 -0.979855 -0.981343
4.91659 -0.979223 -0.980727
4.91973 -0.978581 -0.980101
4.92288 -0.977929 -0.979466
4.92602 -0.977268 -0.978821
4.92916 -0.976597 -0.978167
4.9323 -0.975917 -0.977504
4.93544 -0.975227 -0.976831
4.93858 -0.974527 -0.976148
4.94173 -0.973817 -0.975456
4.94487 -0.973099 -0.974755
4.94801 -0.97237 -0.974044
4.95115 -0.971632 -0.973324
4.95429 -0.970884 -0.972595
4.95743 -0.970127 -0.971856
4.96057 -0.96936 -0.971107
4.96372 -0.968583 -0.970349
4.96686 -0.967797 -0.969582
4.97 -0.967001 -0.968806
4.97314 -0.966196 -0.96802
4.97628 -0.965382 -0.967225
4.97942 -0.964557 -0.96642
4.98257 -0.963724 -0.965607
4.98571 -0.96288 -0.964783
4.98885 -0.962028 -0.963951
4.99199 -0.961165 -0.963109
4.99513 -0.960294 -0.962258
4.99827 -0.959412 -0.961398
5.00142 -0.958522 -0.960528
5.00456 -0.957622 -0.95965
5.0077 -0.956712 -0.958762
5.01084 -0.955793 -0.957864
5.01398 -0.954865 -0.956958
5.01712 -0.953927 -0.956042
5.02027 -0.952979 -0.955117
5.02341 -0.952023 -0.954183
5.02655 -0.951057 -0.95324
5.02969 -0.950081 -0.952288
5.03283 -0.949096 -0.951326
5.03597 -0.948102 -0.950356
5.03911 -0.947098 -0.949376
5.04226 -0.946085 -0.948387
5.0454 -0.945063 -0.947389
5.04854 -0.944031 -0.946382
5.05168 -0.942991 -0.945366
5.05482 -0.94194 -0.94434
5.05796 -0.940881 -0.943306
5.06111 -0.939812 -0.942263
5.06425 -0.938734 -0.941211
5.06739 -0.937647 -0.940149
5.07053 -0.93655 -0.939079
5.07367 -0.935444 -0.938
5.07681 -0.934329 -0.936911
5.07996 -0.933205 -0.935814
5.0831 -0.932071 -0.934708
5.08624 -0.930928 -0.933593
5.08938 -0.929776 -0.932469
5.09252 -0.928615 -0.931336
5.09566 -0.927445 -0.930194
5.0988 -0.926266 -0.929043
5.10195 -0.925077 -0.927884
5.10509 -0.92388 -0.926715
5.10823 -0.922673 -0.925538
5.11137 -0.921457 -0.924352
5.11451 -0.920232 -0.923157
5.11765 -0.918998 -0.921954
5.1208 -0.917755 -0.920741
5.12394 -0.916502 -0.91952
5.12708 -0.915241 -0.91829
5.13022 -0.913971 -0.917051
5.13336 -0.912692 -0.915804
5.1365 -0.911403 -0.914548
5.13965 -0.910106 -0.913283
5.14279 -0.9088 -0.91201
5.14593 -0.907484 -0.910728
5.14907 -0.90616 -0.909437
5.15221 -0.904827 -0.908138
5.15535 -0.903485 -0.90683
5.1585 -0.902134 -0.905513
5.16164 -0.900774 -0.904188
5.16478 -0.899405 -0.902855
5.16792 -0.898028 -0.901513
5.17106 -0.896641 -0.900162
5.1742 -0.895246 -0.898803
5.17734 -0.893841 -0.897435
5.18049 -0.892428 -0.896059
5.18363 -0.891007 -0.894674
5.18677 -0.889576 -0.893281
5.18991 -0.888136 -0.89188
5.19305 -0.886688 -0.89047
5.19619 -0.885231 -0.889052
5.19934 -0.883766 -0.887625
5.20248 -0.882291 -0.88619
5.20562 -0.880808 -0.884747
5.20876 -0.879316 -0.883296
5.2119 -0.877816 -0.881836
5.21504 -0.876307 -0.880368
5.21819 -0.874789 -0.878891
5.22133 -0.873262 -0.877407
5.22447 -0.871727 -0.875914
5.22761 -0.870184 -0.874413
5.23075 -0.868632 -0.872904
5.23389 -0.867071 -0.871386
5.23703 -0.865501 -0.869861
5.24018 -0.863923 -0.868327
5.24332 -0.862337 -0.866785
5.24646 -0.860742 -0.865235
5.2496 -0.859139 -0.863678
5.25274 -0.857527 -0.862112
5.25588 -0.855906 -0.860538
5.25903 -0.854277 -0.858956
5.26217 -0.85264 -0.857366
5.26531 -0.850994 -0.855768
5.26845 -0.84934 -0.854162
5.27159 -0.847678 -0.852548
5.27473 -0.846007 -0.850926
5.27788 -0.844328 -0.849297
5.28102 -0.84264 -0.847659
5.28416 -0.840945 -0.846014
5.2873 -0.83924 -0.844361
5.29044 -0.837528 -0.8427
5.29358 -0.835807 -0.841031
5.29673 -0.834078 -0.839355
5.29987 -0.832341 -0.837671
5.30301 -0.830596 -0.835979
5.30615 -0.828842 -0.834279
5.30929 -0.827081 -0.832572
5.31243 -0.825311 -0.830857
5.31557 -0.823533 -0.829134
5.31872 -0.821746 -0.827404
5.32186 -0.819952 -0.825666
5.325 -0.81815 -0.823921
5.32814 -0.816339 -0.822168
5.33128 -0.814521 -0.820408
5.33442 -0.812694 -0.81864
5.33757 -0.81086 -0.816865
5.34071 -0.809017 -0.815082
5.34385 -0.807166 -0.813292
5.34699 -0.805308 -0.811494
5.35013 -0.803441 -0.809689
5.35327 -0.801567 -0.807877
5.35642 -0.799685 -0.806057
5.35956 -0.797794 -0.80423
5.3627 -0.795896 -0.802396
5.36584 -0.79399 -0.800554
5.36898 -0.792077 -0.798706
5.37212 -0.790155 -0.79685
5.37527 -0.788226 -0.794986
5.37841 -0.786288 -0.793116
5.38155 -0.784343 -0.791239
5.38469 -0.782391 -0.789354
5.38783 -0.78043 -0.787462
5.39097 -0.778462 -0.785564
5.39411 -0.776487 -0.783658
5.39726 -0.774503 -0.781745
5.4004 -0.772512 -0.779825
5.40354 -0.770513 -0.777898
5.40668 -0.768507 -0.775965
5.40982 -0.766493 -0.774024
5.41296 -0.764472 -0.772077
5.41611 -0.762443 -0.770122
5.41925 -0.760406 -0.768161
5.42239 -0.758362 -0.766193
5.42553 -0.75631 -0.764218
5.42867 -0.754251 -0.762237
5.43181 -0.752185 -0.760248
5.43496 -0.750111 -0.758253
5.4381 -0.74803 -0.756252
5.44124 -0.745941 -0.754243
5.44438 -0.743845 -0.752229
5.44752 -0.741742 -0.750207
5.45066 -0.739631 -0.748179
5.4538 -0.737513 -0.746144
5.45695 -0.735388 -0.744103
5.46009 -0.733255 -0.742055
5.46323 -0.731116 -0.740001
5.46637 -0.728969 -0.737941
5.46951 -0.726814 -0.735874
5.47265 -0.724653 -0.7338
5.4758 -0.722485 -0.731721
5.47894 -0.720309 -0.729635
5.48208 -0.718126 -0.727542
5.48522 -0.715936 -0.725444
5.48836 -0.71374 -0.723339
5.4915 -0.711536 -0.721228
5.49465 -0.709325 -0.719111
5.49779 -0.707107 -0.716988
5.50093 -0.704882 -0.714858
5.50407 -0.70265 -0.712723
5.50721 -0.700411 -0.710581
5.51035 -0.698165 -0.708433
5.5135 -0.695913 -0.70628
5.51664 -0.693653 -0.70412
5.51978 -0.691387 -0.701954
5.52292 -0.689114 -0.699783
5.52606 -0.686834 -0.697606
5.5292 -0.684547 -0.695422
5.53234 -0.682254 -0.693233
5.53549 -0.679953 -0.691039
5.53863 -0.677646 -0.688838
5.54177 -0.675333 -0.686632
5.54491 -0.673013 -0.68442
5.54805 -0.670686 -0.682202
5.55119 -0.668352 -0.679979
5.55434 -0.666012 -0.67775
5.55748 -0.663665 -0.675515
5.56062 -0.661312 -0.673275
5.56376 -0.658952 -0.67103
5.5669 -0.656586 -0.668779
5.57004 -0.654213 -0.666522
5.57319 -0.651834 -0.66426
5.57633 -0.649448 -0.661993
5.57947 -0.647056 -0.65972
5.58261 -0.644657 -0.657442
5.58575 -0.642253 -0.655159
5.58889 -0.639841 -0.652871
5.59203 -0.637424 -0.650577
5.59518 -0.635 -0.648278
5.59832 -0.63257 -0.645974
5.60146 -0.630134 -0.643665
5.6046 -0.627691 -0.641351
5.60774 -0.625243 -0.639031
5.61088 -0.622788 -0.636707
5.61403 -0.620327 -0.634378
5.61717 -0.61786 -0.632044
5.62031 -0.615386 -0.629704
5.62345 -0.612907 -0.62736
5.62659 -0.610422 -0.625011
5.62973 -0.60793 -0.622658
5.63288 -0.605433 -0.620299
5.63602 -0.60293 -0.617936
5.63916 -0.60042 -0.615568
5.6423 -0.597905 -0.613195
5.64544 -0.595384 -0.610818
5.64858 -0.592857 -0.608436
5.65173 -0.590324 -0.60605
5.65487 -0.587785 -0.603659
5.65801 -0.585241 -0.601263
5.66115 -0.58269 -0.598863
5.66429 -0.580134 -0.596459
5.66743 -0.577573 -0.59405
5.67057 -0.575005 -0.591637
5.67372 -0.572432 -0.58922
5.67686 -0.569853 -0.586798
5.68 -0.567269 -0.584372
5.68314 -0.564679 -0.581942
5.68628 -0.562083 -0.579507
5.68942 -0.559482 -0.577069
5.69257 -0.556876 -0.574626
5.69571 -0.554263 -0.57218
5.69885 -0.551646 -0.569729
5.70199 -0.549023 -0.567275
5.70513 -0.546394 -0.564816
5.70827 -0.54376 -0.562353
5.71142 -0.541121 -0.559887
5.71456 -0.538477 -0.557417
5.7177 -0.535827 -0.554943
5.72084 -0.533172 -0.552465
5.72398 -0.530511 -0.549984
5.72712 -0.527846 -0.547499
5.73026 -0.525175 -0.54501
5.73341 -0.522499 -0.542517
5.73655 -0.519817 -0.540021
5.73969 -0.517131 -0.537522
5.74283 -0.51444 -0.535019
5.74597 -0.511743 -0.532513
5.74911 -0.509041 -0.530003
5.75226 -0.506335 -0.52749
5.7554 -0.503623 -0.524973
5.75854 -0.500907 -0.522454
5.76168 -0.498185 -0.519931
5.76482 -0.495459 -0.517404
5.76796 -0.492727 -0.514875
5.77111 -0.489991 -0.512343
5.77425 -0.48725 -0.509807
5.77739 -0.484504 -0.507269
5.78053 -0.481754 -0.504727
5.78367 -0.478998 -0.502183
5.78681 -0.476238 -0.499635
5.78996 -0.473473 -0.497085
5.7931 -0.470704 -0.494532
5.79624 -0.46793 -0.491976
5.79938 -0.465151 -0.489417
5.80252 -0.462368 -0.486856
5.80566 -0.45958 -0.484292
5.8088 -0.456787 -0.481725
5.81195 -0.453991 -0.479156
5.81509 -0.451189 -0.476584
5.81823 -0.448383 -0.47401
5.82137 -0.445573 -0.471434
5.82451 -0.442758 -0.468854
5.82765 -0.439939 -0.466273
5.8308 -0.437116 -0.463689
5.83394 -0.434288 -0.461103
5.83708 -0.431456 -0.458515
5.84022 -0.42862 -0.455925
5.84336 -0.425779 -0.453332
5.8465 -0.422935 -0.450738
5.84965 -0.420086 -0.448141
5.85279 -0.417233 -0.445543
5.85593 -0.414376 -0.442942
5.85907 -0.411514 -0.440339
5.86221 -0.408649 -0.437735
5.86535 -0.40578 -0.435129
5.8685 -0.402906 -0.432521
5.87164 -0.400029 -0.429911
5.87478 -0.397148 -0.4273
5.87792 -0.394263 -0.424687
5.88106 -0.391374 -0.422073
5.8842 -0.388481 -0.419456
5.88734 -0.385584 -0.416839
5.89049 -0.382683 -0.41422
5.89363 -0.379779 -0.411599
5.89677 -0.376871 -0.408978
5.89991 -0.373959 -0.406355
5.90305 -0.371044 -0.40373
5.90619 -0.368125 -0.401105
5.90934 -0.365202 -0.398478
5.91248 -0.362275 -0.39585
5.91562 -0.359345 -0.393221
5.91876 -0.356412 -0.390592
5.9219 -0.353475 -0.387961
5.92504 -0.350534 -0.385329
5.92819 -0.34759 -0.382696
5.93133 -0.344643 -0.380063
5.93447 -0.341692 -0.377429
5.93761 -0.338738 -0.374794
5.94075 -0.33578 -0.372158
5.94389 -0.33282 -0.369522
5.94703 -0.329855 -0.366885
5.95018 -0.326888 -0.364248
5.95332 -0.323917 -0.36161
5.95646 -0.320944 -0.358972
5.9596 -0.317967 -0.356334
5.96274 -0.314987 -0.353695
5.96588 -0.312003 -0.351056
5.96903 -0.309017 -0.348417
5.97217 -0.306028 -0.345777
5.97531 -0.303035 -0.343138
5.97845 -0.30004 -0.340498
5.98159 -0.297042 -0.337859
5.98473 -0.29404 -0.335219
5.98788 -0.291036 -0.33258
5.99102 -0.288029 -0.32994
5.99416 -0.285019 -0.327301
5.9973 -0.282007 -0.324663
6.00044 -0.278991 -0.322024
6.00358 -0.275973 -0.319386
6.00673 -0.272952 -0.316748
6.00987 -0.269928 -0.314111
6.01301 -0.266902 -0.311475
6.01615 -0.263873 -0.308839
6.01929 -0.260842 -0.306203
6.02243 -0.257807 -0.303569
6.02557 -0.254771 -0.300935
6.02872 -0.251732 -0.298301
6.03186 -0.24869 -0.295669
6.035 -0.245646 -0.293038
6.03814 -0.242599 -0.290408
6.04128 -0.23955 -0.287778
6.04442 -0.236499 -0.28515
6.04757 -0.233445 -0.282523
6.05071 -0.230389 -0.279897
6.05385 -0.227331 -0.277272
6.05699 -0.224271 -0.274649
6.06013 -0.221208 -0.272027
6.06327 -0.218143 -0.269407
6.06642 -0.215076 -0.266788
6.06956 -0.212007 -0.26417
6.0727 -0.208936 -0.261555
6.07584 -0.205863 -0.25894
6.07898 -0.202787 -0.256328
6.08212 -0.19971 -0.253717
6.08526 -0.196631 -0.251109
6.08841 -0.193549 -0.248502
6.09155 -0.190466 -0.245897
6.09469 -0.187381 -0.243294
6.09783 -0.184294 -0.240693
6.10097 -0.181206 -0.238095
6.10411 -0.178115 -0.235498
6.10726 -0.175023 -0.232904
6.1104 -0.171929 -0.230312
6.11354 -0.168833 -0.227723
6.11668 -0.165736 -0.225136
6.11982 -0.162637 -0.222551
6.12296 -0.159537 -0.219969
6.12611 -0.156434 -0.21739
6.12925 -0.153331 -0.214814
6.13239 -0.150226 -0.21224
6.13553 -0.147119 -0.209669
6.13867 -0.144011 -0.207101
6.14181 -0.140901 -0.204536
6.14496 -0.13779 -0.201974
6.1481 -0.134678 -0.199415
6.15124 -0.131564 -0.196859
6.15438 -0.128449 -0.194306
6.15752 -0.125333 -0.191757
6.16066 -0.122216 -0.189211
6.1638 -0.119097 -0.186668
6.16695 -0.115977 -0.184129
6.17009 -0.112856 -0.181593
6.17323 -0.109734 -0.179061
6.17637 -0.106611 -0.176533
6.17951 -0.103487 -0.174008
6.18265 -0.100362 -0.171488
6.1858 -0.0972355 -0.168971
6.18894 -0.0941083 -0.166458
6.19208 -0.0909802 -0.163949
6.19522 -0.0878512 -0.161444
6.19836 -0.0847213 -0.158943
6.2015 -0.0815906 -0.156447
6.20465 -0.0784591 -0.153954
6.20779 -0.0753268 -0.151466
6.21093 -0.0721938 -0.148983
6.21407 -0.06906 -0.146504
6.21721 -0.0659256 -0.144029
6.22035 -0.0627905 -0.14156
6.2235 -0.0596548 -0.139095
6.22664 -0.0565185 -0.136634
6.22978 -0.0533817 -0.134179
6.23292 -0.0502443 -0.131728
6.23606 -0.0471065 -0.129282
6.2392 -0.0439681 -0.126842
6.24234 -0.0408294 -0.124406
6.24549 -0.0376902 -0.121976
6.24863 -0.0345506 -0.119551
6.25177 -0.0314108 -0.117132
6.25491 -0.0282706 -0.114717
6.25805 -0.0251301 -0.112309
6.26119 -0.0219894 -0.109906
6.26434 -0.0188484 -0.107508
6.26748 -0.0157073 -0.105116
6.27062 -0.012566 -0.10273
6.27376 -0.00942465 -0.10035
6.2769 -0.00628315 -0.097976
6.28004 -0.00314159 -0.0956079
