Domain :   [0,5] x [0,5] x [0,5]

It. max : 1
Dt :      0.0138889

-0.3 -0.3 -0.3 = 0
-0.3 -0.3 -0.1 = 0
-0.3 -0.3 0.1 = 0
-0.3 -0.3 0.3 = 0
-0.3 -0.1 -0.3 = 0
-0.3 -0.1 -0.1 = 0
-0.3 -0.1 0.1 = 0
-0.3 -0.1 0.3 = 0
-0.3 0.1 -0.3 = 0
-0.3 0.1 -0.1 = 0
-0.3 0.1 0.1 = 0
-0.3 0.1 0.3 = 0
-0.3 0.3 -0.3 = 0
-0.3 0.3 -0.1 = 0
-0.3 0.3 0.1 = 0
-0.3 0.3 0.3 = 0
-0.1 -0.3 -0.3 = 0
-0.1 -0.3 -0.1 = 0
-0.1 -0.3 0.1 = 0
-0.1 -0.3 0.3 = 0
-0.1 -0.1 -0.3 = 0
-0.1 -0.1 -0.1 = 1
-0.1 -0.1 0.1 = 1
-0.1 -0.1 0.3 = 0
-0.1 0.1 -0.3 = 0
-0.1 0.1 -0.1 = 1
-0.1 0.1 0.1 = 1
-0.1 0.1 0.3 = 0
-0.1 0.3 -0.3 = 0
-0.1 0.3 -0.1 = 0
-0.1 0.3 0.1 = 0
-0.1 0.3 0.3 = 0
0.1 -0.3 -0.3 = 0
0.1 -0.3 -0.1 = 0
0.1 -0.3 0.1 = 0
0.1 -0.3 0.3 = 0
0.1 -0.1 -0.3 = 0
0.1 -0.1 -0.1 = 1
0.1 -0.1 0.1 = 1
0.1 -0.1 0.3 = 0
0.1 0.1 -0.3 = 0
0.1 0.1 -0.1 = 1
0.1 0.1 0.1 = 1
0.1 0.1 0.3 = 0
0.1 0.3 -0.3 = 0
0.1 0.3 -0.1 = 0
0.1 0.3 0.1 = 0
0.1 0.3 0.3 = 0
0.3 -0.3 -0.3 = 0
0.3 -0.3 -0.1 = 0
0.3 -0.3 0.1 = 0
0.3 -0.3 0.3 = 0
0.3 -0.1 -0.3 = 0
0.3 -0.1 -0.1 = 0
0.3 -0.1 0.1 = 0
0.3 -0.1 0.3 = 0
0.3 0.1 -0.3 = 0
0.3 0.1 -0.1 = 0
0.3 0.1 0.1 = 0
0.3 0.1 0.3 = 0
0.3 0.3 -0.3 = 0
0.3 0.3 -0.1 = 0
0.3 0.3 0.1 = 0
0.3 0.3 0.3 = 0
 0 0 0 0
 0 0 0 0
 0 0 0 0
 0 0 0 0

 0 0 0 0
 0 1 1 0
 0 1 1 0
 0 0 0 0

 0 0 0 0
 0 1 1 0
 0 1 1 0
 0 0 0 0

 0 0 0 0
 0 0 0 0
 0 0 0 0
 0 0 0 0

centre u(1,1,1) = 0
centre u(1,1,2) = 0
centre u(1,1,3) = 0
centre u(1,1,4) = 0
centre u(1,2,1) = 0
centre u(1,2,2) = 0
centre u(1,2,3) = 0
centre u(1,2,4) = 0
centre u(1,3,1) = 0
centre u(1,3,2) = 0
centre u(1,3,3) = 0
centre u(1,3,4) = 0
centre u(1,4,1) = 0
centre u(1,4,2) = 0
centre u(1,4,3) = 0
centre u(1,4,4) = 0
centre u(2,1,1) = 0
centre u(2,1,2) = 0
centre u(2,1,3) = 0
centre u(2,1,4) = 0
centre u(2,2,1) = 0
centre u(2,2,2) = 1
centre u(2,2,3) = 1
centre u(2,2,4) = 0
centre u(2,3,1) = 0
centre u(2,3,2) = 1
centre u(2,3,3) = 1
centre u(2,3,4) = 0
centre u(2,4,1) = 0
centre u(2,4,2) = 0
centre u(2,4,3) = 0
centre u(2,4,4) = 0
centre u(3,1,1) = 0
centre u(3,1,2) = 0
centre u(3,1,3) = 0
centre u(3,1,4) = 0
centre u(3,2,1) = 0
centre u(3,2,2) = 1
centre u(3,2,3) = 1
centre u(3,2,4) = 0
centre u(3,3,1) = 0
centre u(3,3,2) = 1
centre u(3,3,3) = 1
centre u(3,3,4) = 0
centre u(3,4,1) = 0
centre u(3,4,2) = 0
centre u(3,4,3) = 0
centre u(3,4,4) = 0
centre u(4,1,1) = 0
centre u(4,1,2) = 0
centre u(4,1,3) = 0
centre u(4,1,4) = 0
centre u(4,2,1) = 0
centre u(4,2,2) = 0
centre u(4,2,3) = 0
centre u(4,2,4) = 0
centre u(4,3,1) = 0
centre u(4,3,2) = 0
centre u(4,3,3) = 0
centre u(4,3,4) = 0
centre u(4,4,1) = 0
centre u(4,4,2) = 0
centre u(4,4,3) = 0
centre u(4,4,4) = 0
 iteration    1 variation            6 (times :  init  0.000070 solve  0.000025 other  0.000000)   
CPU time 0.000435 s

GPU : 1 CUDA device found

Using Device 0: "GeForce GTX 960M" with Compute capability 5.0
Block 4 x 4 x 4
Grid  2 x 2 x 2

Domain :   [0,5] x [0,5] x [0,5]

It. max : 1
Dt :      0.013889

 0.000000 0.000000 0.000000 0.000000
 0.000000 0.000000 0.000000 0.000000
 0.000000 0.000000 0.000000 0.000000
 0.000000 0.000000 0.000000 0.000000

 0.000000 0.000000 0.000000 0.000000
 0.000000 0.000000 0.000000 0.000000
 0.000000 0.000000 0.000000 0.000000
 0.000000 0.000000 0.000000 0.000000

 0.000000 0.000000 0.000000 0.000000
 0.000000 0.000000 0.000000 0.000000
 0.000000 0.000000 0.000000 0.000000
 0.000000 0.000000 0.000000 0.000000

 0.000000 0.000000 0.000000 0.000000
 0.000000 0.000000 0.000000 0.000000
 0.000000 0.000000 0.000000 0.000000
 0.000000 0.000000 0.000000 0.000000

0.3 -0.1 -0.5 = 0
0.5 -0.1 -0.5 = 0
0.3 0.1 -0.5 = 0
0.5 0.1 -0.5 = 0
0.3 -0.1 -0.3 = 0
0.5 -0.1 -0.3 = 0
0.3 0.1 -0.3 = 0
0.5 0.1 -0.3 = 0
-0.5 -0.5 0.3 = 0
-0.3 -0.5 0.3 = 0
-0.5 -0.3 0.3 = 0
-0.3 -0.3 0.3 = 0
-0.5 -0.5 0.5 = 0
-0.3 -0.5 0.5 = 0
-0.5 -0.3 0.5 = 0
-0.3 -0.3 0.5 = 0
-0.1 0.3 -0.5 = 0
0.1 0.3 -0.5 = 0
-0.1 0.5 -0.5 = 0
0.1 0.5 -0.5 = 0
-0.1 0.3 -0.3 = 0
0.1 0.3 -0.3 = 0
-0.1 0.5 -0.3 = 0
0.1 0.5 -0.3 = 0
-0.5 0.3 -0.5 = 0
-0.3 0.3 -0.5 = 0
-0.5 0.5 -0.5 = 0
-0.3 0.5 -0.5 = 0
-0.5 0.3 -0.3 = 0
-0.3 0.3 -0.3 = 0
-0.5 0.5 -0.3 = 0
-0.3 0.5 -0.3 = 0
0.3 0.3 -0.5 = 0
0.5 0.3 -0.5 = 0
0.3 0.5 -0.5 = 0
0.5 0.5 -0.5 = 0
0.3 0.3 -0.3 = 0
0.5 0.3 -0.3 = 0
0.3 0.5 -0.3 = 0
0.5 0.5 -0.3 = 0
0.3 0.3 -0.1 = 0
0.5 0.3 -0.1 = 0
0.3 0.5 -0.1 = 0
0.5 0.5 -0.1 = 0
0.3 0.3 0.1 = 0
0.5 0.3 0.1 = 0
0.3 0.5 0.1 = 0
0.5 0.5 0.1 = 0
-0.1 -0.5 -0.1 = 0
0.1 -0.5 -0.1 = 0
-0.1 -0.3 -0.1 = 0
0.1 -0.3 -0.1 = 0
-0.1 -0.5 0.1 = 0
0.1 -0.5 0.1 = 0
-0.1 -0.3 0.1 = 0
0.1 -0.3 0.1 = 0
-0.5 -0.1 -0.5 = 0
-0.3 -0.1 -0.5 = 0
-0.5 0.1 -0.5 = 0
-0.3 0.1 -0.5 = 0
-0.5 -0.1 -0.3 = 0
-0.3 -0.1 -0.3 = 0
-0.5 0.1 -0.3 = 0
-0.3 0.1 -0.3 = 0
-0.1 -0.5 0.3 = 0
0.1 -0.5 0.3 = 0
-0.1 -0.3 0.3 = 0
0.1 -0.3 0.3 = 0
-0.1 -0.5 0.5 = 0
0.1 -0.5 0.5 = 0
-0.1 -0.3 0.5 = 0
0.1 -0.3 0.5 = 0
-0.1 -0.1 -0.5 = 0
0.1 -0.1 -0.5 = 0
-0.1 0.1 -0.5 = 0
0.1 0.1 -0.5 = 0
-0.1 -0.1 -0.3 = 0
0.1 -0.1 -0.3 = 0
-0.1 0.1 -0.3 = 0
0.1 0.1 -0.3 = 0
-0.5 -0.5 -0.1 = 0
-0.3 -0.5 -0.1 = 0
-0.5 -0.3 -0.1 = 0
-0.3 -0.3 -0.1 = 0
-0.5 -0.5 0.1 = 0
-0.3 -0.5 0.1 = 0
-0.5 -0.3 0.1 = 0
-0.3 -0.3 0.1 = 0
0.3 -0.1 -0.1 = 0
0.5 -0.1 -0.1 = 0
0.3 0.1 -0.1 = 0
0.5 0.1 -0.1 = 0
0.3 -0.1 0.1 = 0
0.5 -0.1 0.1 = 0
0.3 0.1 0.1 = 0
0.5 0.1 0.1 = 0
0.3 -0.5 0.3 = 0
0.5 -0.5 0.3 = 0
0.3 -0.3 0.3 = 0
0.5 -0.3 0.3 = 0
0.3 -0.5 0.5 = 0
0.5 -0.5 0.5 = 0
0.3 -0.3 0.5 = 0
0.5 -0.3 0.5 = 0
0.3 -0.5 -0.1 = 0
0.5 -0.5 -0.1 = 0
0.3 -0.3 -0.1 = 0
0.5 -0.3 -0.1 = 0
0.3 -0.5 0.1 = 0
0.5 -0.5 0.1 = 0
0.3 -0.3 0.1 = 0
0.5 -0.3 0.1 = 0
-0.1 0.3 -0.1 = 0
0.1 0.3 -0.1 = 0
-0.1 0.5 -0.1 = 0
0.1 0.5 -0.1 = 0
-0.1 0.3 0.1 = 0
0.1 0.3 0.1 = 0
-0.1 0.5 0.1 = 0
0.1 0.5 0.1 = 0
-0.1 -0.5 -0.5 = 0
0.1 -0.5 -0.5 = 0
-0.1 -0.3 -0.5 = 0
0.1 -0.3 -0.5 = 0
-0.1 -0.5 -0.3 = 0
0.1 -0.5 -0.3 = 0
-0.1 -0.3 -0.3 = 0
0.1 -0.3 -0.3 = 0
-0.1 -0.1 0.3 = 0
0.1 -0.1 0.3 = 0
-0.1 0.1 0.3 = 0
0.1 0.1 0.3 = 0
-0.1 -0.1 0.5 = 0
0.1 -0.1 0.5 = 0
-0.1 0.1 0.5 = 0
0.1 0.1 0.5 = 0
-0.5 0.3 -0.1 = 0
-0.3 0.3 -0.1 = 0
-0.5 0.5 -0.1 = 0
-0.3 0.5 -0.1 = 0
-0.5 0.3 0.1 = 0
-0.3 0.3 0.1 = 0
-0.5 0.5 0.1 = 0
-0.3 0.5 0.1 = 0
0.3 -0.1 0.3 = 0
0.5 -0.1 0.3 = 0
0.3 0.1 0.3 = 0
0.5 0.1 0.3 = 0
0.3 -0.1 0.5 = 0
0.5 -0.1 0.5 = 0
0.3 0.1 0.5 = 0
0.5 0.1 0.5 = 0
-0.5 -0.5 -0.5 = 0
-0.3 -0.5 -0.5 = 0
-0.5 -0.3 -0.5 = 0
-0.3 -0.3 -0.5 = 0
-0.5 -0.5 -0.3 = 0
-0.3 -0.5 -0.3 = 0
-0.5 -0.3 -0.3 = 0
-0.3 -0.3 -0.3 = 0
-0.5 -0.1 0.3 = 0
-0.3 -0.1 0.3 = 0
-0.5 0.1 0.3 = 0
-0.3 0.1 0.3 = 0
-0.5 -0.1 0.5 = 0
-0.3 -0.1 0.5 = 0
-0.5 0.1 0.5 = 0
-0.3 0.1 0.5 = 0
0.3 -0.5 -0.5 = 0
0.5 -0.5 -0.5 = 0
0.3 -0.3 -0.5 = 0
0.5 -0.3 -0.5 = 0
0.3 -0.5 -0.3 = 0
0.5 -0.5 -0.3 = 0
0.3 -0.3 -0.3 = 0
0.5 -0.3 -0.3 = 0
-0.5 0.3 0.3 = 0
-0.3 0.3 0.3 = 0
-0.5 0.5 0.3 = 0
-0.3 0.5 0.3 = 0
-0.5 0.3 0.5 = 0
-0.3 0.3 0.5 = 0
-0.5 0.5 0.5 = 0
-0.3 0.5 0.5 = 0
-0.1 -0.1 -0.1 = 1
0.1 -0.1 -0.1 = 1
-0.1 0.1 -0.1 = 1
0.1 0.1 -0.1 = 1
-0.1 -0.1 0.1 = 1
0.1 -0.1 0.1 = 1
-0.1 0.1 0.1 = 1
0.1 0.1 0.1 = 1
0.3 0.3 0.3 = 0
0.5 0.3 0.3 = 0
0.3 0.5 0.3 = 0
0.5 0.5 0.3 = 0
0.3 0.3 0.5 = 0
0.5 0.3 0.5 = 0
0.3 0.5 0.5 = 0
0.5 0.5 0.5 = 0
-0.5 -0.1 -0.1 = 0
-0.3 -0.1 -0.1 = 0
-0.5 0.1 -0.1 = 0
-0.3 0.1 -0.1 = 0
-0.5 -0.1 0.1 = 0
-0.3 -0.1 0.1 = 0
-0.5 0.1 0.1 = 0
-0.3 0.1 0.1 = 0
-0.1 0.3 0.3 = 0
0.1 0.3 0.3 = 0
-0.1 0.5 0.3 = 0
0.1 0.5 0.3 = 0
-0.1 0.3 0.5 = 0
0.1 0.3 0.5 = 0
-0.1 0.5 0.5 = 0
0.1 0.5 0.5 = 0
centre u(1,1,1) = 0
centre u(1,1,2) = 0
centre u(1,1,3) = 0
centre u(2,1,1) = 0
centre u(3,1,1) = 0
centre u(1,2,1) = 0
centre u(1,3,1) = 0
centre u(2,1,2) = 0
centre u(3,1,2) = 0
centre u(2,1,3) = 0
centre u(3,1,3) = 0
centre u(2,2,1) = 0
centre u(3,2,1) = 0
centre u(2,3,1) = 0
centre u(3,3,1) = 0
centre u(1,2,2) = 0
centre u(1,3,2) = 0
centre u(1,2,3) = 0
centre u(1,3,3) = 0
centre u(2,2,2) = 0
centre u(3,2,2) = 0
centre u(2,3,2) = 0
centre u(3,3,2) = 0
centre u(2,2,3) = 0
centre u(3,2,3) = 0
centre u(2,3,3) = 0
centre u(3,3,3) = 0
