0 7.270400e-02
1 7.718400e-02
2 7.811200e-02
3 7.808000e-02
4 7.936000e-02
5 7.830400e-02
6 7.798400e-02
7 7.952000e-02
8 7.929600e-02
9 7.916800e-02
10 8.038400e-02
11 8.032000e-02
12 8.166400e-02
13 7.913600e-02
14 8.060800e-02
15 7.996800e-02
16 8.035200e-02
17 8.156800e-02
18 8.179200e-02
19 8.016000e-02
20 7.964800e-02
21 8.140800e-02
22 7.929600e-02
23 8.038400e-02
24 8.112000e-02
25 8.150400e-02
26 7.916800e-02
27 8.044800e-02
28 7.830400e-02
29 7.804800e-02
30 8.227200e-02
31 7.920000e-02
32 7.091200e-02
