u(5,5,5) = 1
 0 0 0 0 0 0 0 0 0 0
 0 0 0 0 0 0 0 0 0 0
 0 0 0 0 0 0 0 0 0 0
 0 0 0 0 0 0 0 0 0 0
 0 0 0 0 0 0 0 0 0 0
 0 0 0 0 0 0 0 0 0 0
 0 0 0 0 0 0 0 0 0 0
 0 0 0 0 0 0 0 0 0 0
 0 0 0 0 0 0 0 0 0 0
 0 0 0 0 0 0 0 0 0 0

 0 0 0 0 0 0 0 0 0 0
 0 0 0 0 0 0 0 0 0 0
 0 0 0 0 0 0 0 0 0 0
 0 0 0 0 0 0 0 0 0 0
 0 0 0 0 0.125 0.125 0 0 0 0
 0 0 0 0 0.125 0.125 0 0 0 0
 0 0 0 0 0 0 0 0 0 0
 0 0 0 0 0 0 0 0 0 0
 0 0 0 0 0 0 0 0 0 0
 0 0 0 0 0 0 0 0 0 0

 0 0 0 0 0 0 0 0 0 0
 0 0 0 0 0 0 0 0 0 0
 0 0 0 0 0 0 0 0 0 0
 0 0 0 0.125 0.25 0.25 0.125 0 0 0
 0 0 0 0.25 0.625 0.625 0.25 0 0 0
 0 0 0 0.25 0.625 0.625 0.25 0 0 0
 0 0 0 0.125 0.25 0.25 0.125 0 0 0
 0 0 0 0 0 0 0 0 0 0
 0 0 0 0 0 0 0 0 0 0
 0 0 0 0 0 0 0 0 0 0

 0 0 0 0 0 0 0 0 0 0
 0 0 0 0 0 0 0 0 0 0
 0 0 0 0.125 0.25 0.25 0.125 0 0 0
 0 0 0.125 0.625 0.75 0.75 0.625 0.125 0 0
 0 0 0.25 0.75 1 1 0.75 0.25 0 0
 0 0 0.25 0.75 1 1 0.75 0.25 0 0
 0 0 0.125 0.625 0.75 0.75 0.625 0.125 0 0
 0 0 0 0.125 0.25 0.25 0.125 0 0 0
 0 0 0 0 0 0 0 0 0 0
 0 0 0 0 0 0 0 0 0 0

 0 0 0 0 0 0 0 0 0 0
 0 0 0 0 0.125 0.125 0 0 0 0
 0 0 0 0.25 0.625 0.625 0.25 0 0 0
 0 0 0.25 0.75 1 1 0.75 0.25 0 0
 0 0.125 0.625 1 1 1 1 0.625 0.125 0
 0 0.125 0.625 1 1 1 1 0.625 0.125 0
 0 0 0.25 0.75 1 1 0.75 0.25 0 0
 0 0 0 0.25 0.625 0.625 0.25 0 0 0
 0 0 0 0 0.125 0.125 0 0 0 0
 0 0 0 0 0 0 0 0 0 0

 0 0 0 0 0 0 0 0 0 0
 0 0 0 0 0.125 0.125 0 0 0 0
 0 0 0 0.25 0.625 0.625 0.25 0 0 0
 0 0 0.25 0.75 1 1 0.75 0.25 0 0
 0 0.125 0.625 1 1 1 1 0.625 0.125 0
 0 0.125 0.625 1 1 1 1 0.625 0.125 0
 0 0 0.25 0.75 1 1 0.75 0.25 0 0
 0 0 0 0.25 0.625 0.625 0.25 0 0 0
 0 0 0 0 0.125 0.125 0 0 0 0
 0 0 0 0 0 0 0 0 0 0

 0 0 0 0 0 0 0 0 0 0
 0 0 0 0 0 0 0 0 0 0
 0 0 0 0.125 0.25 0.25 0.125 0 0 0
 0 0 0.125 0.625 0.75 0.75 0.625 0.125 0 0
 0 0 0.25 0.75 1 1 0.75 0.25 0 0
 0 0 0.25 0.75 1 1 0.75 0.25 0 0
 0 0 0.125 0.625 0.75 0.75 0.625 0.125 0 0
 0 0 0 0.125 0.25 0.25 0.125 0 0 0
 0 0 0 0 0 0 0 0 0 0
 0 0 0 0 0 0 0 0 0 0

 0 0 0 0 0 0 0 0 0 0
 0 0 0 0 0 0 0 0 0 0
 0 0 0 0 0 0 0 0 0 0
 0 0 0 0.125 0.25 0.25 0.125 0 0 0
 0 0 0 0.25 0.625 0.625 0.25 0 0 0
 0 0 0 0.25 0.625 0.625 0.25 0 0 0
 0 0 0 0.125 0.25 0.25 0.125 0 0 0
 0 0 0 0 0 0 0 0 0 0
 0 0 0 0 0 0 0 0 0 0
 0 0 0 0 0 0 0 0 0 0

 0 0 0 0 0 0 0 0 0 0
 0 0 0 0 0 0 0 0 0 0
 0 0 0 0 0 0 0 0 0 0
 0 0 0 0 0 0 0 0 0 0
 0 0 0 0 0.125 0.125 0 0 0 0
 0 0 0 0 0.125 0.125 0 0 0 0
 0 0 0 0 0 0 0 0 0 0
 0 0 0 0 0 0 0 0 0 0
 0 0 0 0 0 0 0 0 0 0
 0 0 0 0 0 0 0 0 0 0

 0 0 0 0 0 0 0 0 0 0
 0 0 0 0 0 0 0 0 0 0
 0 0 0 0 0 0 0 0 0 0
 0 0 0 0 0 0 0 0 0 0
 0 0 0 0 0 0 0 0 0 0
 0 0 0 0 0 0 0 0 0 0
 0 0 0 0 0 0 0 0 0 0
 0 0 0 0 0 0 0 0 0 0
 0 0 0 0 0 0 0 0 0 0
 0 0 0 0 0 0 0 0 0 0

